inputfilename=/tmp/simple-gps-points-120312.txt
outputfilename=output/london.png
topleft=51.550178 , -0.256462
bottomright=51.42062 , 0.095787
largestside=6000

